p cnf 1283 523
517 516 717 0
500 206 0
370 233 0
890 190 48 0
1034 231 0
835 857 697 0
1115 702 0
320 714 1117 1175 0
30 893 691 64 0
694 454 0
400 385 0
724 613 1135 0
883 472 447 169 0
1253 541 180 684 0
235 1009 1197 0
722 595 112 314 0
84 911 512 0
1202 1019 0
172 858 264 0
33 1026 530 1109 0
720 398 613 0
702 795 264 0
371 1238 364 0
681 846 51 1072 0
8 1259 11 144 0
1267 413 108 658 0
224 714 0
991 731 858 0
763 251 1142 414 0
151 314 1217 0
316 165 0
508 161 539 0
1260 713 1085 73 0
293 670 200 696 0
1188 774 895 885 0
1282 811 1007 733 0
289 234 0
792 954 0
881 70 756 0
1 776 0
410 92 674 0
1033 838 288 0
391 500 563 0
42 912 607 0
49 899 0
1164 277 1146 0
558 1222 557 1249 0
951 794 0
556 150 1118 0
809 93 616 0
993 758 0
1281 864 192 0
1144 1093 454 489 0
413 582 112 1060 0
769 1014 499 213 0
571 1086 215 673 0
422 428 1048 1050 0
32 134 0
386 1163 658 0
105 1124 438 0
280 180 0
485 452 0
837 1175 716 308 0
1032 364 159 0
993 668 0
961 458 526 0
484 24 1111 0
628 743 807 1053 0
1035 145 440 1011 0
135 960 280 843 0
135 952 0
639 577 503 749 0
1037 606 780 0
383 907 1108 597 0
1099 1022 613 0
4 451 419 0
714 1066 0
789 848 0
461 1115 942 0
1159 776 579 324 0
952 1143 71 0
1143 997 46 0
157 300 0
889 146 477 965 0
576 79 466 251 0
235 798 1115 591 0
1244 704 1132 96 0
157 182 450 1216 0
665 124 770 0
461 697 1119 426 0
481 1242 0
241 1093 1084 0
1014 1055 41 0
139 224 1245 0
686 1062 1155 532 0
434 391 1204 1270 0
18 155 143 0
344 659 0
1243 109 0
707 806 132 0
599 749 0
353 652 120 1235 0
947 443 0
94 1200 1098 484 0
731 175 0
634 295 0
542 830 1026 0
859 1147 296 289 0
171 1046 540 1091 0
6 1254 1039 1191 0
844 1235 704 0
617 742 0
1130 1059 0
847 852 501 0
1238 449 0
1123 254 84 535 0
780 1004 639 594 0
515 190 0
905 1219 966 0
573 1214 1108 1279 0
850 581 625 289 0
1034 62 0
274 791 843 0
353 446 1274 958 0
1002 228 0
145 1208 169 0
1034 390 0
1270 479 0
63 81 1182 0
505 1117 321 485 0
773 740 97 168 0
982 3 443 0
912 1271 371 1062 0
204 144 451 0
19 1138 0
834 303 1148 0
193 931 383 1269 0
792 756 1140 0
1166 570 0
782 394 926 969 0
626 979 0
1115 797 870 1030 0
845 87 0
1172 1195 0
676 783 944 0
343 932 505 1233 0
1 100 977 754 0
712 259 374 405 0
1141 545 148 1266 0
46 680 0
705 367 29 0
35 220 0
246 42 171 377 0
1 879 422 0
202 653 1144 0
832 363 0
896 800 0
379 928 0
726 177 942 0
209 582 0
419 797 989 0
1078 1008 1038 0
572 698 999 0
161 221 716 958 0
920 1023 861 274 0
205 170 0
593 565 595 0
98 1105 773 0
235 115 641 451 0
542 986 1220 1050 0
898 687 160 0
1112 724 0
609 649 582 0
1237 2 0
365 1024 732 0
815 1016 0
793 121 0
471 822 0
1246 833 153 1048 0
434 529 0
1187 1038 854 0
93 684 0
563 630 1079 0
731 949 41 573 0
486 500 314 0
709 968 73 704 0
1034 990 36 0
809 468 787 423 0
813 273 1270 455 0
93 753 0
421 1282 0
1108 288 74 0
1085 780 1101 777 0
1219 1229 0
443 658 0
253 631 0
117 714 907 0
192 691 3 0
410 486 132 0
809 944 240 171 0
1263 735 1033 49 0
1254 1252 917 0
1083 711 0
403 293 544 748 0
1108 1074 565 0
886 1134 609 1256 0
105 46 853 849 0
1035 948 477 0
704 37 1224 0
116 972 159 197 0
288 1254 52 1138 0
612 888 0
1247 622 182 793 0
72 601 1122 0
413 50 155 987 0
125 1157 0
947 534 0
302 602 669 720 0
623 477 0
753 569 0
813 847 0
1073 969 633 0
740 122 646 0
735 354 895 0
804 700 0
393 540 495 1273 0
585 59 1241 0
540 725 28 0
179 761 0
1062 504 430 0
1020 756 366 0
752 826 489 0
1084 320 0
533 255 215 2 0
236 906 60 0
348 378 738 0
1159 401 995 0
415 292 0
91 1153 1257 1108 0
394 1103 229 817 0
1191 827 436 0
517 1070 0
717 1095 699 148 0
1075 268 318 0
117 748 0
112 974 862 0
219 1093 161 912 0
204 414 0
350 104 907 1007 0
1015 1050 0
30 1059 0
108 190 0
327 813 0
402 46 526 419 0
1077 1101 0
1054 279 1279 203 0
340 750 399 0
542 561 840 739 0
249 748 1194 616 0
87 516 483 353 0
860 725 0
1230 837 0
310 362 891 0
922 564 0
279 924 0
35 850 898 72 0
1140 162 1000 0
197 691 572 0
272 349 0
415 52 0
328 770 267 717 0
30 577 1227 0
1033 953 269 306 0
13 911 0
1162 456 748 544 0
786 1137 0
172 168 206 838 0
195 1209 0
1021 318 0
148 756 650 0
1117 962 598 0
326 752 443 0
235 124 423 0
374 831 1086 529 0
294 1253 809 0
332 37 836 0
942 485 230 501 0
430 709 132 900 0
599 925 1026 0
763 337 552 41 0
854 847 163 538 0
787 5 0
718 1053 1033 0
317 472 0
708 596 0
1280 1140 904 37 0
1252 705 598 0
694 174 1111 970 0
1074 491 987 448 0
971 455 0
494 234 882 0
243 803 27 0
49 880 1153 384 0
57 252 223 549 0
204 1102 1255 71 0
664 252 884 0
888 1202 1054 514 0
297 352 944 218 0
1221 525 1203 0
705 1017 65 1011 0
1061 1077 408 0
1225 167 0
281 1108 0
38 159 948 0
739 121 810 79 0
522 876 0
611 2 0
759 823 0
1190 956 0
263 1242 298 154 0
1110 675 331 0
396 80 0
3 1241 717 0
364 147 827 352 0
674 170 0
574 712 658 0
1027 505 0
930 462 1055 428 0
1151 922 0
857 122 1197 53 0
451 1056 0
1147 810 38 0
1171 815 0
976 1202 782 0
1047 1201 479 0
83 208 0
1065 1193 1274 0
56 228 0
857 897 574 733 0
21 406 0
967 1261 904 0
400 1126 339 0
582 211 434 0
251 349 839 0
411 714 0
819 1272 285 0
46 520 0
1117 1124 744 0
1233 340 44 0
857 542 0
756 764 513 0
1115 932 815 970 0
69 885 154 863 0
1104 591 0
1099 1085 0
265 873 237 0
640 569 546 0
639 334 11 664 0
1250 155 0
821 427 0
665 1188 280 0
766 658 632 0
922 1182 261 742 0
130 1159 194 0
438 1022 88 0
1215 939 562 0
677 1240 564 802 0
762 964 933 0
369 1113 0
144 1024 404 867 0
949 633 587 189 0
976 228 0
731 1237 538 0
672 881 0
426 836 865 0
1022 363 527 0
1156 656 197 0
878 4 1231 0
236 71 0
1055 288 606 0
1046 389 0
758 858 0
1036 65 0
306 687 79 0
381 1000 386 0
663 58 0
120 65 1236 0
953 1152 0
576 1262 0
219 503 234 0
280 1099 0
46 108 721 0
830 260 916 969 0
994 310 137 828 0
951 393 157 0
907 309 792 0
1008 337 1241 909 0
721 261 0
372 33 960 0
793 940 659 1236 0
396 417 734 945 0
847 688 0
145 564 140 446 0
863 390 406 427 0
740 1160 297 52 0
1013 885 1102 0
1231 650 859 473 0
691 352 336 0
140 621 0
490 962 0
1034 1175 0
198 1217 63 0
1034 577 0
1250 898 0
884 78 1260 593 0
1039 161 713 0
402 477 188 0
1144 827 0
358 11 843 831 0
332 270 1036 0
1011 334 742 1061 0
809 529 1003 0
14 153 978 0
597 43 158 159 0
859 711 1037 0
651 201 0
381 90 1015 0
1221 1113 139 787 0
1128 1196 344 671 0
1041 672 185 70 0
654 362 0
378 494 0
1219 394 576 0
76 1132 0
529 436 354 0
548 708 0
154 270 477 0
652 269 1110 530 0
336 570 478 0
701 1220 175 0
167 320 0
524 792 792 0
700 615 1146 449 0
249 838 1051 268 0
1095 1015 47 0
35 1134 923 500 0
256 832 100 0
996 467 599 261 0
9 830 616 0
808 1044 576 0
858 753 222 752 0
289 1171 794 0
1069 443 879 150 0
193 415 662 27 0
706 47 1138 0
937 1049 259 0
1223 536 887 0
648 754 0
1093 633 1214 0
1047 911 0
839 719 155 1172 0
54 748 0
1081 1164 0
858 10 178 1213 0
716 958 429 96 0
501 638 1248 0
397 1064 334 134 0
664 1061 1032 0
1003 1000 1278 0
1266 189 1121 0
102 768 355 0
829 432 866 660 0
256 585 856 726 0
686 280 1234 0
1057 916 1248 0
279 127 648 713 0
334 300 0
1105 63 418 262 0
236 534 0
730 1005 854 102 0
218 644 367 0
980 589 664 1275 0
1276 869 0
853 49 0
225 245 0
7 859 0
162 1197 726 91 0
1198 84 51 0
461 1156 697 0
409 885 0
625 1100 0
1281 139 954 0
743 138 0
1105 1175 65 0
1117 796 298 0
824 185 0
1048 368 0
528 128 788 0
588 1227 893 0
609 160 495 0
535 1007 616 0
520 453 1098 0
772 135 750 812 0
1157 22 0
327 405 0
5 192 529 0
250 291 0
10 12 1102 0
438 1247 952 0
1277 668 443 161 0
1027 1185 887 292 0
374 691 0
1071 333 0
727 337 0
202 1115 0
809 1015 235 478 0
696 6 134 1035 0
597 979 157 0
251 444 1271 261 0
635 1125 0
1125 276 240 0
513 668 895 543 0
1273 1218 824 0