p cnf 1516 645
86 444 1075 0
284 1373 482 869 0
834 554 409 1230 0
755 593 150 1207 0
1260 665 912 0
1186 1381 611 61 0
1262 601 1161 1259 0
1025 1300 1073 1020 0
379 1281 1352 376 0
809 963 1421 518 0
1442 937 819 733 0
1361 139 634 531 0
1439 931 768 898 0
1013 960 817 14 0
1196 1324 1001 1010 0
1076 760 653 872 0
223 392 1433 132 0
1123 947 1481 0
837 473 1225 935 0
1296 829 659 0
140 556 109 0
340 641 704 0
641 957 1431 586 0
708 1007 322 1439 0
153 212 834 107 0
1228 709 592 1192 0
140 401 665 0
1139 315 1503 680 0
5 653 1224 1224 0
977 134 1371 0
156 342 195 0
933 519 884 0
208 683 248 0
130 1424 1101 0
1423 1111 132 0
905 205 1173 0
1498 157 1370 301 0
618 240 907 0
904 762 1276 0
495 1070 868 1111 0
356 1210 1250 1043 0
1148 993 964 1410 0
433 865 150 0
121 1167 519 0
1111 1046 915 847 0
1113 335 1320 663 0
826 1083 586 944 0
291 516 1107 565 0
78 573 183 707 0
1439 1385 1367 0
753 836 1295 0
194 1483 96 219 0
298 1180 424 0
481 837 539 468 0
1502 1173 569 0
559 1321 493 1375 0
1106 393 141 0
299 1337 579 1054 0
1411 949 1453 261 0
417 1319 280 0
696 29 510 0
891 962 1123 424 0
106 740 1009 1417 0
1060 488 672 0
154 1332 951 0
1176 1000 319 0
610 462 778 0
756 511 889 1162 0
116 813 357 427 0
461 344 266 337 0
1019 727 1384 0
430 589 241 0
564 1253 1363 0
53 1186 1102 882 0
1094 430 197 0
560 1426 1235 356 0
490 1509 988 2 0
1070 1205 336 0
530 536 56 0
332 734 686 338 0
1286 1097 758 0
276 62 1445 348 0
77 108 793 0
1043 874 673 278 0
486 1272 1109 956 0
1207 675 659 636 0
1404 1075 204 0
1507 1469 655 544 0
1155 628 1002 154 0
490 1404 968 0
755 722 839 1416 0
591 400 666 923 0
325 705 782 1485 0
524 633 928 634 0
277 1377 1304 0
685 1285 862 809 0
220 260 38 0
980 360 792 1230 0
1034 603 41 1122 0
932 127 1164 0
1345 672 109 690 0
304 1269 1254 1332 0
52 425 1093 948 0
102 733 1322 0
371 771 243 0
796 1413 982 0
218 16 84 1360 0
1206 1407 460 0
1513 1014 487 0
1436 1173 447 0
44 232 261 0
1424 1454 881 703 0
935 1193 1458 85 0
1143 115 1166 0
246 1392 554 0
432 938 1259 1466 0
1098 1431 837 0
1246 1176 1084 0
721 955 510 0
421 76 289 0
965 85 1397 1053 0
188 68 1183 403 0
1493 382 1207 145 0
1264 971 5 0
848 1224 1429 272 0
1078 815 505 1110 0
116 1119 587 0
995 1208 1146 232 0
710 695 936 0
345 196 1325 619 0
828 42 669 226 0
1480 1209 855 225 0
611 27 660 1213 0
834 227 1363 0
626 187 478 112 0
685 1307 926 0
1144 1327 197 0
1482 1069 1469 0
1275 260 599 269 0
939 1115 14 460 0
527 1132 10 1340 0
757 761 319 281 0
686 435 1019 1485 0
1459 1509 1063 417 0
355 1277 822 0
288 102 898 1024 0
1072 211 1162 1101 0
191 524 937 41 0
1092 641 942 0
747 177 1386 1062 0
204 131 482 0
24 569 664 0
150 1164 1046 0
1389 222 194 0
15 240 1428 0
1189 507 789 783 0
568 846 682 0
429 1198 414 1280 0
379 1489 1137 0
259 600 706 819 0
1482 833 1284 0
344 1478 20 859 0
997 1009 670 1195 0
114 450 1432 0
685 1335 880 967 0
438 1126 973 1515 0
1053 611 1260 0
159 18 1320 753 0
16 174 864 937 0
420 774 493 461 0
1298 878 393 0
1183 148 1181 0
136 291 1477 172 0
459 325 1212 294 0
667 1402 1423 1325 0
1152 735 993 1055 0
631 902 1380 0
60 792 1191 77 0
35 236 1279 0
1254 613 1160 0
1361 641 1017 657 0
300 1185 1180 0
244 294 982 0
688 77 558 1231 0
569 1505 1016 0
720 203 663 1296 0
227 869 185 0
975 1352 1185 0
837 116 665 0
1099 46 1416 1318 0
1299 889 125 0
1108 451 829 0
365 1405 1141 0
1215 237 1415 0
618 1216 967 0
50 752 256 424 0
360 1271 628 0
556 982 564 11 0
1135 268 87 0
1355 463 1109 1429 0
251 1357 1351 298 0
1063 404 1500 0
1235 1169 1338 694 0
1036 581 380 0
1208 1042 46 0
652 1140 1120 1444 0
140 522 138 0
1324 175 995 0
818 238 631 0
1118 1061 108 420 0
1321 1125 164 1369 0
315 332 1064 0
1220 556 1306 79 0
1052 1466 166 78 0
1429 505 652 0
1277 167 321 0
820 112 643 0
160 678 1222 0
182 864 683 1455 0
604 1097 777 410 0
68 610 1279 0
1160 120 1213 97 0
207 671 1286 448 0
1281 80 144 0
841 123 1162 415 0
64 230 667 856 0
1459 1020 51 1480 0
1132 1225 872 1361 0
1300 1020 1296 497 0
957 652 1070 1082 0
919 166 686 1371 0
231 218 1144 0
744 1505 617 197 0
1058 1166 385 352 0
1144 620 549 38 0
1104 430 904 1482 0
1455 995 315 0
1273 1092 973 1410 0
1100 1511 481 689 0
51 1496 498 0
15 1272 688 0
234 425 526 0
403 504 189 0
1004 399 1347 1295 0
606 152 1344 155 0
569 258 758 0
487 248 686 1326 0
927 1512 13 649 0
641 826 1392 922 0
591 1030 821 1196 0
1438 20 1017 1234 0
533 788 452 0
736 946 1247 0
474 399 311 899 0
532 1184 1463 900 0
1144 1235 134 1322 0
1077 1420 677 726 0
339 264 1202 0
227 1177 1354 0
933 1060 1453 848 0
885 970 956 393 0
411 782 902 707 0
1057 397 916 0
574 561 1299 0
669 793 316 109 0
160 636 462 154 0
1253 1192 1427 0
968 429 1315 0
784 1049 1508 0
562 220 799 0
16 466 1117 191 0
1161 115 320 588 0
225 935 856 602 0
91 363 1299 0
1386 702 1104 1193 0
754 592 892 0
987 516 347 0
1199 907 739 0
1138 1428 236 1452 0
326 680 453 898 0
1514 1213 966 185 0
51 633 807 0
1147 1490 684 0
616 1087 167 0
930 633 646 1196 0
126 7 1248 1138 0
202 688 615 324 0
1107 1420 487 0
1241 878 1038 251 0
269 1313 434 1162 0
1287 911 905 0
1102 429 1234 346 0
1298 177 1422 0
1509 1240 839 220 0
67 1262 293 911 0
683 632 476 0
1409 146 1322 0
1403 593 1365 808 0
789 640 20 467 0
684 713 1462 0
1149 840 1013 101 0
1296 217 158 0
863 37 410 164 0
555 71 479 1084 0
162 1463 1104 1336 0
858 615 849 1459 0
1332 643 463 875 0
961 910 362 0
345 1240 81 841 0
485 587 127 0
1121 1079 686 70 0
163 1507 861 0
1300 1250 1315 90 0
30 688 141 0
1415 430 1126 0
1413 428 253 0
1091 455 597 0
1226 1397 1036 0
900 173 114 0
197 428 1514 708 0
1186 260 900 0
1381 125 1175 271 0
191 705 1087 0
476 588 1512 0
1201 302 238 0
1012 764 1127 0
552 700 304 230 0
1251 777 1174 157 0
857 655 1132 593 0
1272 963 415 1084 0
117 947 632 832 0
1406 463 1119 0
716 29 860 299 0
848 313 239 1014 0
1452 1256 1385 0
1405 46 225 528 0
1461 1375 343 0
1362 86 845 0
433 1229 447 1104 0
1221 922 857 0
1504 464 1130 0
928 1139 443 0
1398 530 914 984 0
995 73 1212 12 0
781 145 616 593 0
868 351 1450 912 0
838 773 1330 432 0
1167 1425 895 0
782 261 319 1073 0
503 1127 1123 789 0
1103 811 105 0
1141 1285 266 715 0
1153 787 715 0
717 760 413 0
561 870 79 272 0
298 522 1365 0
304 1055 1072 0
1218 611 973 148 0
1186 1193 126 464 0
1204 18 1132 0
1379 23 1038 855 0
1096 265 1134 842 0
652 1241 809 1396 0
16 89 630 0
550 944 640 965 0
638 404 1471 356 0
555 543 289 571 0
72 1238 457 0
693 518 1041 229 0
479 10 427 0
1387 704 1116 0
7 1093 555 343 0
1507 593 1418 0
944 929 254 739 0
1481 1015 1512 0
647 5 578 0
767 107 1359 474 0
1398 69 808 0
964 522 56 256 0
1149 523 149 0
1104 450 244 186 0
918 1263 715 0
69 1206 173 1012 0
626 599 347 1096 0
768 175 530 49 0
690 1081 1495 0
29 1245 1060 0
777 217 377 216 0
1344 127 1282 0
1164 205 271 0
1295 516 234 541 0
1316 1465 542 0
1381 404 1247 1216 0
1300 1391 800 0
548 204 579 659 0
1507 592 839 419 0
1335 699 1190 0
1124 826 811 271 0
1329 826 1482 1412 0
1039 1113 448 218 0
724 1205 881 1113 0
1162 230 73 173 0
1113 140 1141 0
743 467 574 328 0
83 1204 708 11 0
1260 75 388 569 0
535 624 1379 0
1029 785 951 1122 0
666 196 122 0
1125 185 50 584 0
62 1497 339 573 0
126 834 1439 1196 0
750 597 1037 1458 0
332 999 967 0
1066 190 632 0
297 1114 1010 0
1060 330 1433 0
1240 164 1472 0
1315 36 1111 1241 0
675 18 387 0
393 1074 440 44 0
829 409 1039 568 0
1219 1381 777 0
82 1436 664 189 0
1387 902 1253 0
32 802 216 0
1379 1143 1286 0
1281 797 445 507 0
921 447 535 1072 0
1292 1376 327 0
407 430 1211 396 0
1128 94 419 0
565 967 46 0
360 279 1311 0
679 1158 1235 1075 0
711 1510 944 1358 0
854 879 870 689 0
653 1203 88 0
744 1478 932 0
1246 953 561 0
761 472 626 0
240 254 1335 983 0
39 124 753 153 0
843 200 1199 0
609 981 43 383 0
385 48 1272 0
702 1057 1074 0
358 969 400 414 0
917 663 177 1316 0
1257 544 272 0
1351 586 502 794 0
1379 1169 471 1253 0
1508 431 1438 0
1346 1225 894 0
992 1296 298 0
786 1091 696 0
655 922 944 829 0
368 260 947 654 0
470 1074 1253 0
1011 1294 1035 450 0
39 955 1481 0
1023 1311 1301 0
883 339 464 0
385 772 1133 0
911 1346 1209 0
84 1051 608 0
1339 704 85 744 0
1252 75 1419 0
590 456 1475 0
104 52 456 741 0
537 707 998 603 0
968 1369 917 969 0
799 1177 666 1405 0
1228 1047 485 55 0
74 896 183 0
1050 240 268 0
181 1100 272 0
129 54 1191 579 0
220 586 1463 171 0
253 1168 881 0
1312 561 1403 0
522 1457 1442 0
1424 630 142 0
892 1096 139 0
1074 113 61 0
1489 791 205 1456 0
203 759 519 0
1287 570 1247 0
873 784 2 632 0
249 794 282 305 0
641 1270 492 0
97 1266 224 364 0
211 879 1400 1495 0
945 511 1374 1148 0
590 55 300 0
628 1212 1331 0
1294 1401 1328 0
270 596 1387 0
139 1159 1083 65 0
1456 1371 206 711 0
1240 1153 170 0
374 727 436 0
826 219 1355 0
1326 1103 402 70 0
1177 723 1215 1201 0
1429 489 1375 164 0
288 1444 305 673 0
109 734 781 0
829 1496 665 0
18 39 1343 0
734 636 246 0
669 929 198 0
1041 161 1068 20 0
376 461 273 0
614 1081 582 0
467 1245 707 271 0
413 1472 1045 350 0
564 1485 1307 1245 0
14 981 1248 665 0
777 839 966 0
920 820 708 0
212 316 261 0
197 652 896 0
166 1458 149 844 0
590 1037 858 0
878 616 543 0
966 492 817 1470 0
1293 645 246 0
79 1189 338 0
1174 675 403 680 0
941 87 885 0
933 1238 1470 1048 0
1067 246 1404 0
348 1219 1163 974 0
998 629 1439 1081 0
370 663 322 219 0
1109 692 560 0
728 799 1090 0
306 337 120 379 0
768 638 385 0
469 1460 603 0
1220 1316 376 0
824 1440 258 0
1501 1001 678 501 0
995 27 841 284 0
317 1066 1106 0
848 1229 403 322 0
793 61 1087 528 0
131 674 1000 0
227 510 914 672 0
730 835 990 622 0
1494 1359 565 654 0
948 441 798 0
768 1452 1121 1242 0
1318 1167 1280 930 0
23 860 1354 0
153 130 765 1290 0
1505 811 795 406 0
1497 53 290 0
698 843 1315 1035 0
1162 215 1220 0
773 1335 634 0
556 1254 299 0
526 1119 1307 0
1090 789 1099 907 0
1080 1334 139 0
631 130 604 0
1042 966 243 0
516 53 93 1378 0
1141 178 703 0
211 828 643 356 0
641 245 1173 0
1280 918 372 0
706 418 519 0
541 176 1205 610 0
725 720 208 0
439 861 507 737 0
396 747 1399 0
1231 1193 312 0
93 1336 420 1277 0
174 591 973 0
503 1397 1048 0
772 407 1032 1057 0
440 1011 1191 455 0
555 495 560 0
867 949 779 0
1424 883 741 395 0
530 646 999 585 0
616 1392 1502 830 0
1480 983 1339 0
342 1304 122 0
559 1009 289 643 0
951 938 278 0
562 90 803 0
820 700 770 0
93 982 164 0
669 904 854 0
694 1082 49 0
353 329 349 713 0
576 936 847 0
1208 1203 863 1199 0
1334 1073 967 0
1407 646 530 575 0
939 552 1294 0
1211 1113 1448 0
1432 220 285 0
144 495 1003 0
247 436 1058 1212 0
1360 661 533 981 0
121 563 847 0
389 1391 1414 3 0
1090 1382 498 0
1173 1069 1494 0
120 1374 782 873 0
136 1132 961 0
791 752 65 0
247 1062 1077 772 0
1429 141 364 1329 0
1437 571 126 0
978 1382 952 0
1143 400 737 25 0
705 79 960 0
630 1481 528 0
450 628 598 219 0
883 968 1018 464 0
484 584 797 147 0
44 41 1451 0
304 430 1246 0
1225 1423 61 1310 0
1380 440 731 0
216 827 803 0
687 71 1008 0
1253 409 240 692 0
1044 59 693 7 0
1388 1128 32 0
751 1222 555 0
326 1261 295 309 0
1507 269 921 0
1063 930 1465 0
852 1339 1084 448 0
1003 28 419 1382 0
39 1240 336 0
1509 1502 819 1436 0
1102 1215 1051 0
906 586 1005 1196 0